 12.7768  
 12.7753  
 12.2664  
 12.5309  
 12.5477  
 12.0588  
 13.0054  
 13.0336  
 13.1099  
 12.9405  
 12.4749  
 12.5901  
 13.6433  
 12.1508  
 12.3627  
 9.48431  
 10.9462  
 11.4299  
 10.8351  
 11.5697  
 11.8094  
 12.104  
 11.4206  
 11.1107  
 10.4787  
 12.3718  
 12.9515  
 12.086  
 11.7233  
 12.5027  
 11.9451  
 11.4057  
 11.9003  
 12.0919  
 12.1425  
 13.2158  
 12.0142  
 9.6205  
 10.6676  
 10.4577  
 11.5971  
 12.292  
 11.6886  
 11.0365  
 12.2934  
 9.81527  
 11.1283  
 10.2873  
 11.8475  
 11.5941  
 11.8331  
 11.3429  
 10.8907  
 10.4355  
 10.5158  
 10.1787  
 9.88065  
 9.8992  
 8.67773  
 8.98007  
 9.21017  
 8.91983  
 9.87678  
 9.67186  
 9.58025  
 10.3706  
 10.8502  
 11.3646  
 9.00257  
 9.76062  
 10.9398  
 11.5981  
 11.6124  
 11.2751  
 11.2699  
 10.8594  
 10.8664  
 11.7174  
 11.7755  
 11.5122  
 11.0383  
 12.2991  
 12.7638  
 12.5939  
 12.7914  
 12.5374  
 11.9919  
 11.5704  
 11.5028  
 10.968  
 11.1513  
 10.8123  
 10.2761  
 11.0124  
 11.389  
 11.8057  
 11.6882  
 11.7369  
 11.3672  
 11.1818  
 10.9072  
 11.5598  
 11.9635  
 11.7846  
 11.6104  
 11.3588  
 10.9472  
 11.7101  
 12.5461  
 12.3265  
 12.379  
 11.4724  
 10.7991  
 10.4777  
 10.0673  
 10.6132  
 10.1763  
 9.90893  
 10.211  
 9.73484  
 10.3996  
 10.6309  
 9.77094  
 11.1878  
 11.4488  
 10.9408  
 11.5065  
 10.9814  
 10.5375  
 10.1098  
 10.4888  
 10.0782  
 9.71323  
 9.80107  
 9.36775  
 8.45767  
 7.93405  
 8.06824  
 8.49666  
 8.82114  
 8.57259  
 8.52439  
 8.95211  
 9.34497  
 7.89988  
 8.48771  
 8.88326  
 9.35403  
 9.8868  
 9.74586  
 9.19735  
 9.19567  
 10.3509  
 10.2128  
 10.1394  
 10.4635  
 10.8002  
 10.7157  
 11.0333  
 10.1543  
 8.84613  
 9.16585  
 9.61336  
 8.66543  
 9.31287  
 8.99134  
 8.72936  
 9.5532  
 8.67278  
 7.53997  
 8.52628  
 8.91829  
 9.16824  
 9.59433  
 9.92653  
 9.5774  
 8.78646  
 9.4842  
 10.2154  
 9.73017  
 9.41677  
 9.33253  
 9.11554  
 9.65404  
 9.99176  
 9.08333  
 9.03129  
 9.41022  
 9.8705  
 9.20108  
 8.46008  
 8.57898  
 9.72732  
 9.24159  
 9.3247  
 9.61603  
 9.509  
 9.64524  
 9.55495  
 10.3389  
 10.3012  
 10.131  
 10.2642  
 10.3002  
 10.4089  
 9.75058  
 9.89175  
 10.1039  
 10.0116  
 9.81794  
 10.0568  
 10.4636  
 10.1114  
 10.3826  
 10.1969  
 9.78436  
 10.108  
 9.77492  
 10.2583  
 9.9426  
 10.2803  
 9.77406  
 9.09049  
 10.6808  
 10.4902  
 10.5549  
 10.7256  
 10.6319  
 11.0282  
 9.89533  
 10.9985  
 11.0242  
 10.8686  
 10.9421  
 11.054  
 11.1326  
 10.8509  
 10.8654  
 10.5669  
 10.6612  
 10.1456  
 10.1052  
 9.68017  
 9.64682  
 9.96569  
 10.2424  
 8.83994  
 10.4195  
 9.68632  
 9.22372  
 9.60958  
 9.8893  
 10.4297  
 8.86472  
 9.96975  
 10.2837  
 10.7569  
 9.94042  
 10.1697  
 10.4182  
 10.3944  
 9.29089  
 10.5889  
 10.1502  
 9.55978  
 9.64939  
 9.73189  
 9.90509  
 8.39978  
 10.0077  
 10.139  
 10.8506  
 10.0074  
 9.30311  
 10.2203  
 9.43213  
 9.98377  
 8.86825  
 8.63942  
 8.94013  
 9.01185  
 10.1096  
 9.56039  
 9.60601  
 9.86579  
 10.0773  
 9.73914  
 10.0329  
 10.2148  
 9.99252  
 11.1766  
 10.4829  
 10.5738  
 10.7966  
 10.0687  
 9.73852  
 9.55855  
 10.179  
 9.6645  
 9.25056  
 8.39323  
 9.71067  
 9.89118  
 8.84405  
 8.94667  
 10.8329  
 11.683  
 11.245  
 9.92925  
 11.0981  
 10.7601  
 10.6915  
 10.4236  
 10.182  
 8.3246  
 7.74692  
 8.29611  
 6.84285  
 9.68818  
 10.2866  
 12.4274  
 12.567  
 11.4934  
 10.2236  
 10.9363  
 10.1961  
 11.4397  
 10.3842  
 10.1349  
 9.04268  
 9.9039  
 12.0912  
 12.3098  
 10.911  
 10.6851  
 12.3073  
 12.8526  
 13.4499  
 13.4229  
 12.8955  
 12.6189  
 12.0732  
 13.3283  
 12.584  
 12.969  
 13.3337  
 12.7862  
 13.0661  
 12.5022  
 12.3547  
 13.4996  
 12.9594  
 12.5583  
 12.4797  
 12.5796  
 11.708  
 12.0529  
 12.1065  
 11.7965  
 12.2892  
 12.4277  
 12.6445  
 11.4141  
 10.9531  
 9.76156  
 9.74113  
 10.1626  
 9.77958  
 10.7805  
 10.7176  
 10.6907  
 9.64893  
 11.3058  
 12.1308  
 11.0349  
 11.0373  
 10.643  
 11.2225  
 9.69481  
 8.55196  
 9.14049  
 9.15347  
 9.93925  
 9.62307  
