 637.991  
 605.548  
 617.634  
 614.821  
 652.206  
 653.041  
 594.88  
 595.377  
 653.054  
 626.888  
 576.502  
 594.89  
 627.065  
 621.736  
 555.471  
 613.703  
 643.915  
 567.311  
 637.646  
 610.054  
 643.455  
 582.953  
 589.182  
 650.64  
 653.309  
 590.653  
 565.206  
 628.866  
 518.778  
 501.965  
 588.507  
 444.355  
 498.844  
 576.378  
 468.848  
 570.243  
 562.257  
 574.294  
 621.106  
 641.329  
 634.729  
 653.069  
 632.299  
 633.612  
 607.787  
 532.335  
 565.598  
 472.139  
 370.06  
 319.976  
 335.511  
 420.991  
 327.271  
 356.119  
 479.796  
 452.057  
 328.442  
 244.476  
 322.584  
 542.62  
 404.093  
 340.794  
 292.306  
 271.218  
 430.263  
 413.179  
 436.607  
 559.174  
 527.716  
 484.005  
 224.914  
 175.862  
 287.809  
 190.938  
 261.788  
 166.868  
 131.925  
 97.7485  
 207.022  
 263.94  
 315.112  
 359.31  
 281.597  
 299.56  
 361.902  
 267.544  
 199.112  
 156.206  
 224.099  
 90.0397  
 66.31  
 30.2272  
 68.1618  
 67.2973  
 23.9464  
 131.68  
 38.1628  
 36.242  
 49.5486  
 179.016  
 142.418  
 230.817  
 295.891  
 212.916  
 206.656  
 196.189  
 227.839  
 299.271  
 273.088  
 291.296  
 285.642  
 185.104  
 230.956  
 275.161  
 218.852  
 350.19  
 266.9  
 395.657  
 404.734  
 351.602  
 484.979  
 349.607  
 336.17  
 269.251  
 505.066  
 327.246  
 276.902  
 405.515  
 428.504  
 284.82  
 489.146  
 478.348  
 452.098  
 339.959  
 246.155  
 207.575  
 249.955  
 255.401  
 182.937  
 254.816  
 251.747  
 303.219  
 264.648  
 228.173  
 99.4433  
 120.075  
 14.2429  
 113.213  
 13.0297  
 34.3188  
 -0.55469  
 -2.64616  
 139.973  
 1.22788  
 115.374  
 73.2356  
 54.887  
 472.581  
 508.45  
 388.497  
 459.511  
 252.947  
 258.728  
 129.665  
 201.631  
 147.564  
 228.618  
 208.301  
 179.165  
 217.828  
 83.7906  
 157.074  
 95.0174  
 194.881  
 161.8  
 153.386  
 178.473  
 161.447  
 221.494  
 213.624  
 331.349  
 227.479  
 259.565  
 242.063  
 168.144  
 153.628  
 193.822  
 262.694  
 176.391  
 253.089  
 170.971  
 122.381  
 110.799  
 163.19  
 77.1681  
 117.547  
 85.9434  
 86.585  
 87.3436  
 68.9317  
 57.2156  
 70.9882  
 99.9525  
 72.3451  
 105.891  
 94.7402  
 89.3649  
 113.534  
 28.5855  
 26.1376  
 67.1248  
 12.2688  
 0.38974  
 130.238  
 41.7341  
 162.373  
 108.396  
 244.531  
 88.4595  
 95.0692  
 78.6203  
 136.461  
 59.8924  
 199.894  
 382.054  
 334.566  
 73.2472  
 89.567  
 146.467  
 137.676  
 249.954  
 322.465  
 267.966  
 78.0008  
 85.7837  
 121.372  
 132.368  
 252.891  
 34.4115  
 76.4271  
 149.504  
 91.5977  
 134.413  
 115.385  
 52.6722  
 96.8776  
 284.359  
 181.107  
 258.283  
 185.477  
 225.003  
 232.704  
 177.105  
 132.052  
 80.2356  
 120.925  
 193.44  
 159.114  
 130.358  
 159.965  
 71.5937  
 196.226  
 168.719  
 336.697  
 358.607  
 436.753  
 504.556  
 404.63  
 502.428  
 520.439  
 302.795  
 324.83  
 277.044  
 304.032  
 417.786  
 354.1  
 273.685  
 350.207  
 346.679  
 381.527  
 310.552  
 240.064  
 137.229  
 104.973  
 16.0132  
 10.5608  
 19.6545  
 20.7941  
 0.16829  
 28.9244  
 105.954  
 60.1827  
 64.4868  
 76.3361  
 203.556  
 482.785  
 516.622  
 549.281  
 484.978  
 520.652  
 508.661  
 574.447  
 433.994  
 433.536  
 451.876  
 531.496  
 546.254  
 360.847  
 554.206  
 475.556  
 505.477  
 578.877  
 579.029  
 488.212  
 552.554  
 387.654  
 522.721  
 452.413  
 408.755  
 424.21  
 447.997  
 387.265  
 492.357  
 429.573  
 373.974  
 428.812  
 391.729  
 324.237  
 308.297  
 271.359  
 270.455  
 525.693  
 470.68  
 568.098  
 481.381  
 302.936  
 402.571  
 537.856  
 629.974  
 586.089  
 607.678  
 528.858  
 617.036  
 512.554  
 412.614  
 521.64  
 476.235  
 510.966  
 489.533  
 430.901  
 554.051  
 486.731  
 503.001  
 570.48  
 520.096  
 482.235  
 563.283  
 616.285  
 554.414  
 539.935  
 537.036  
 627.449  
 573.62  
 547.803  
 593.939  
 485.793  
 377.516  
 244.588  
 197.237  
 519.56  
 487.949  
 458.412  
 184.035  
 175.34  
 362.835  
 550.101  
 350.416  
 339.304  
 401.435  
 423.872  
 448.749  
 457.356  
 458.912  
 469.626  
