  2013      1      3      6     30      14.24799
  2013      1      3      7      0      14.18287
  2013      1      3      7     30      12.79441
  2013      1      3      8      0      14.16577
  2013      1      3      8     30      12.93640
  2013      1      3      9      0      12.78977
  2013      1      3      9     30      13.92788
  2013      1      3     10      0      13.92898
  2013      1      3     10     30      13.46750
  2013      1      3     11      0      13.69629
  2013      1      3     11     30      13.10221
  2013      1      3     12      0      14.01700
  2013      1      3     12     30      13.59592
  2013      1      3     13      0      13.57143
  2013      1      3     13     30      13.63441
  2013      1      3     14      0       9.63826
  2013      1      3     14     30      11.64998
  2013      1      3     15      0      12.24323
  2013      1      3     15     30      11.48590
  2013      1      3     16      0      12.30467
  2013      1      3     16     30      12.65330
  2013      1      3     17      0      12.79036
  2013      1      3     17     30      12.63300
  2013      1      3     18      0      11.89582
  2013      1      3     18     30      11.44229
  2013      1      3     19      0      12.84826
  2013      1      3     19     30      13.33184
  2013      1      3     20      0      13.25184
  2013      1      3     20     30      11.87966
  2013      1      3     21      0      12.77791
  2013      1      3     21     30      12.63218
  2013      1      3     22      0      13.69990
  2013      1      3     22     30      12.78220
  2013      1      3     23      0      12.96783
  2013      1      3     23     30      13.06857
  2013      1      4      0      0      14.20195
  2013      1      4      0     30      12.90526
  2013      1      4      1      0      10.08041
  2013      1      4      1     30      10.43105
  2013      1      4      2      0      11.11594
  2013      1      4      2     30      11.29757
  2013      1      4      3      0      12.89332
  2013      1      4      3     30      12.33451
  2013      1      4      4      0      11.43194
  2013      1      4      4     30      12.76293
  2013      1      4      5      0       9.87298
  2013      1      4      5     30      12.10160
  2013      1      4      6      0      10.83347
  2013      1      4      6     30      12.26911
  2013      1      4      7      0      11.42657
  2013      1      4      7     30      12.98200
  2013      1      4      8      0      12.10102
  2013      1      4      8     30      11.25620
  2013      1      4      9      0      10.77212
  2013      1      4      9     30      10.94152
  2013      1      4     10      0      10.96504
  2013      1      4     10     30      10.58992
  2013      1      4     11      0      10.15653
  2013      1      4     11     30       9.06089
  2013      1      4     12      0       9.99383
  2013      1      4     12     30      10.07744
  2013      1      4     13      0      10.20361
  2013      1      4     13     30      10.90337
  2013      1      4     14      0      10.79053
  2013      1      4     14     30      10.49587
  2013      1      4     15      0      11.28484
  2013      1      4     15     30      11.85960
  2013      1      4     16      0      12.26525
  2013      1      4     16     30       9.79298
  2013      1      4     17      0      10.72646
  2013      1      4     17     30      11.39708
  2013      1      4     18      0      12.39016
  2013      1      4     18     30      12.82129
  2013      1      4     19      0      11.49573
  2013      1      4     19     30      12.36561
  2013      1      4     20      0      11.32867
  2013      1      4     20     30      13.70346
  2013      1      4     21      0      13.00387
  2013      1      4     21     30      12.56442
  2013      1      4     22      0      12.59288
  2013      1      4     22     30      12.20973
  2013      1      4     23      0      13.20011
  2013      1      4     23     30      13.69878
  2013      1      5      0      0      13.69659
  2013      1      5      0     30      13.58496
  2013      1      5      1      0      13.74309
  2013      1      5      1     30      13.15300
  2013      1      5      2      0      12.96320
  2013      1      5      2     30      12.58551
  2013      1      5      3      0      12.23258
  2013      1      5      3     30      12.06975
  2013      1      5      4      0      11.77574
  2013      1      5      4     30      11.54765
  2013      1      5      5      0      12.23962
  2013      1      5      5     30      12.59907
  2013      1      5      6      0      12.88744
  2013      1      5      6     30      12.97175
  2013      1      5      7      0      12.20362
  2013      1      5      7     30      12.13398
  2013      1      5      8      0      12.34638
  2013      1      5      8     30      11.42505
  2013      1      5      9      0      12.53906
  2013      1      5      9     30      12.88575
  2013      1      5     10      0      12.43524
  2013      1      5     10     30      12.49391
  2013      1      5     11      0      12.65633
  2013      1      5     11     30      11.69187
  2013      1      5     12      0      12.57352
  2013      1      5     12     30      13.15079
  2013      1      5     13      0      13.10244
  2013      1      5     13     30      13.82651
  2013      1      5     14      0      12.98157
  2013      1      5     14     30      11.68647
  2013      1      5     15      0      11.39251
  2013      1      5     15     30      11.34475
  2013      1      5     16      0      11.84573
  2013      1      5     16     30      11.50465
  2013      1      5     17      0      10.65066
  2013      1      5     17     30      10.55642
  2013      1      5     18      0      10.32580
  2013      1      5     18     30      11.39770
  2013      1      5     19      0      11.08870
  2013      1      5     19     30       9.92508
  2013      1      5     20      0      11.24391
  2013      1      5     20     30      12.63403
  2013      1      5     21      0      11.15096
  2013      1      5     21     30      12.01668
  2013      1      5     22      0      12.00588
  2013      1      5     22     30      11.26676
  2013      1      5     23      0      10.53226
  2013      1      5     23     30      11.34255
  2013      1      6      0      0      11.63878
  2013      1      6      0     30      10.85601
  2013      1      6      1      0      10.17043
  2013      1      6      1     30      10.50836
  2013      1      6      2      0       8.83719
  2013      1      6      2     30       8.24561
  2013      1      6      3      0       8.74909
  2013      1      6      3     30       9.34597
  2013      1      6      4      0       9.47196
  2013      1      6      4     30       9.15696
  2013      1      6      5      0       9.06527
  2013      1      6      5     30       9.75900
  2013      1      6      6      0       9.81629
  2013      1      6      6     30       8.22603
  2013      1      6      7      0       8.95297
  2013      1      6      7     30       9.71802
  2013      1      6      8      0       9.50703
  2013      1      6      8     30      10.38938
  2013      1      6      9      0      10.00635
  2013      1      6      9     30       9.55325
  2013      1      6     10      0       9.48014
  2013      1      6     10     30      10.77954
  2013      1      6     11      0      11.26400
  2013      1      6     11     30      10.83645
  2013      1      6     12      0      10.97077
  2013      1      6     12     30      11.98127
  2013      1      6     13      0      11.68050
  2013      1      6     13     30      11.80901
  2013      1      6     14      0      10.44822
  2013      1      6     14     30       9.39050
  2013      1      6     15      0       8.95224
  2013      1      6     15     30       9.72356
  2013      1      6     16      0       9.07416
  2013      1      6     16     30       9.68422
  2013      1      6     17      0       9.80880
  2013      1      6     17     30       9.22935
  2013      1      6     18      0      10.50073
  2013      1      6     18     30       9.90348
  2013      1      6     19      0       7.75539
  2013      1      6     19     30       9.07678
  2013      1      6     20      0       9.58980
  2013      1      6     20     30       9.53890
  2013      1      6     21      0      10.12277
  2013      1      6     21     30      11.33754
  2013      1      6     22      0      10.63533
  2013      1      6     22     30      10.00502
  2013      1      6     23      0      10.09722
  2013      1      6     23     30      11.33056
  2013      1      7      0      0      10.60483
  2013      1      7      0     30      10.47053
  2013      1      7      1      0      10.22835
  2013      1      7      1     30      10.13128
  2013      1      7      2      0      10.67074
  2013      1      7      2     30      10.37486
  2013      1      7      3      0      10.06579
  2013      1      7      3     30       9.91247
  2013      1      7      4      0      10.38307
  2013      1      7      4     30      10.79291
  2013      1      7      5      0       9.78118
  2013      1      7      5     30       9.30736
  2013      1      7      6      0       9.44908
