 13.3666  
 12.0238  
 13.3964  
 13.1411  
 13.9965  
 14.5652  
 12.4123  
 12.3713  
 13.932  
 12.5408  
 12.0351  
 11.8101  
 13.1757  
 13.7258  
 11.3867  
 12.0787  
 14.2608  
 11.3493  
 13.2837  
 12.0323  
 13.9718  
 12.0812  
 12.2179  
 15.2111  
 14.1496  
 12.0727  
 11.9538  
 12.8196  
 10.7531  
 10.849  
 12.2175  
 10.2417  
 10.4505  
 11.4576  
 10.2884  
 11.6698  
 11.5718  
 11.5236  
 12.3882  
 13.0012  
 13.2118  
 13.2406  
 12.675  
 12.8026  
 12.0804  
 10.9898  
 11.9232  
 10.3078  
 9.04131  
 8.71305  
 8.77259  
 9.92285  
 8.8646  
 9.02451  
 10.0515  
 9.98182  
 8.57369  
 7.71299  
 8.70382  
 11.0553  
 9.46112  
 8.86573  
 7.09762  
 8.13705  
 9.69998  
 9.75451  
 9.8186  
 10.9475  
 10.7409  
 10.2061  
 7.64074  
 7.14694  
 8.35922  
 7.24427  
 8.10245  
 7.20502  
 6.63116  
 5.88078  
 7.43435  
 8.26298  
 8.79326  
 9.21455  
 8.56062  
 8.45379  
 9.02508  
 8.07325  
 7.42949  
 6.98933  
 7.81709  
 6.02038  
 5.692  
 4.89634  
 5.86425  
 5.74343  
 5.02422  
 6.33468  
 4.95834  
 5.32203  
 4.91677  
 7.0062  
 6.86701  
 7.78457  
 8.57127  
 7.44043  
 7.54407  
 7.43595  
 7.54249  
 9.04419  
 8.3856  
 8.47323  
 8.2408  
 7.23968  
 7.24964  
 8.31672  
 7.39384  
 9.01294  
 8.07793  
 9.82726  
 9.59326  
 9.25554  
 10.7068  
 9.23449  
 8.44983  
 7.95711  
 10.697  
 8.7649  
 8.01894  
 9.38337  
 9.80986  
 8.6437  
 10.0962  
 9.92825  
 10.2083  
 9.10038  
 8.2992  
 7.69674  
 7.96339  
 8.06913  
 7.31797  
 8.42493  
 8.03439  
 8.4444  
 8.22849  
 7.55346  
 6.26779  
 6.2136  
 4.30871  
 6.42866  
 4.8615  
 4.82889  
 4.10682  
 4.04126  
 6.66171  
 4.16855  
 6.77175  
 5.82526  
 5.44559  
 10.2205  
 10.9363  
 9.52516  
 10.338  
 8.28218  
 8.20137  
 6.68137  
 7.31224  
 6.76065  
 7.91983  
 7.80519  
 7.36596  
 7.62829  
 5.73187  
 6.85657  
 6.14401  
 7.39577  
 6.75763  
 7.11936  
 7.41946  
 6.56998  
 7.48689  
 7.61606  
 8.6869  
 7.88929  
 7.78848  
 7.8212  
 6.79618  
 6.65635  
 7.69024  
 8.43573  
 7.09823  
 8.2462  
 7.19665  
 6.38705  
 6.27102  
 7.24334  
 5.76942  
 6.40272  
 6.31736  
 5.68251  
 5.74681  
 5.49814  
 5.49244  
 6.29721  
 6.31948  
 5.9427  
 6.1915  
 6.14551  
 6.09794  
 7.06426  
 4.91081  
 5.20167  
 5.19007  
 4.82335  
 4.38332  
 6.45642  
 5.16376  
 7.14214  
 6.28919  
 8.26521  
 5.85182  
 6.07705  
 5.75828  
 6.49777  
 5.2824  
 7.19653  
 9.73658  
 8.90984  
 5.51953  
 5.91905  
 6.76547  
 6.38784  
 7.79022  
 8.57844  
 8.31439  
 5.37056  
 6.28108  
 6.63181  
 6.53957  
 8.2257  
 5.26924  
 5.86103  
 6.55188  
 6.16654  
 6.56347  
 6.4292  
 5.3033  
 6.22891  
 8.15065  
 6.88641  
 8.16056  
 7.04092  
 7.54077  
 7.49379  
 7.19678  
 6.61148  
 6.00666  
 6.53404  
 7.47493  
 6.87286  
 6.47802  
 6.81226  
 5.46502  
 7.43119  
 7.12101  
 8.85043  
 9.15975  
 10.0436  
 10.9093  
 9.41442  
 10.3274  
 10.9516  
 7.9763  
 8.70095  
 8.12754  
 8.48095  
 9.34824  
 8.90263  
 7.92614  
 9.16545  
 8.63712  
 9.10969  
 8.36028  
 7.55456  
 6.70954  
 6.19588  
 4.73836  
 4.96036  
 5.04153  
 5.42522  
 4.73476  
 4.69555  
 6.31233  
 5.27761  
 6.31123  
 5.49216  
 7.04875  
 10.5825  
 10.5956  
 11.4034  
 9.95831  
 10.282  
 10.8217  
 11.3674  
 9.76747  
 9.79591  
 10.3626  
 11.3151  
 11.3039  
 9.18584  
 11.7175  
 10.5217  
 10.7475  
 11.3728  
 11.2453  
 10.9733  
 10.9127  
 8.80246  
 10.7855  
 10.5132  
 9.67131  
 9.54292  
 10.239  
 9.60819  
 10.5404  
 9.6784  
 9.04566  
 9.77925  
 9.15662  
 8.70523  
 8.32816  
 8.23516  
 8.06977  
 10.8334  
 10.3267  
 11.1891  
 10.5684  
 8.95861  
 9.40792  
 11.2302  
 13.3353  
 12.4022  
 12.6191  
 10.9215  
 12.3341  
 10.6637  
 9.23591  
 10.7136  
 10.1196  
 10.7844  
 10.5738  
 9.81106  
 11.3495  
 10.5434  
 10.5923  
 11.4233  
 10.5392  
 10.6159  
 11.3473  
 12.7506  
 10.6179  
 11.0252  
 11.3339  
 12.4208  
 11.317  
 11.1503  
 11.8949  
 10.2878  
 9.25881  
 7.75863  
 7.62633  
 10.5935  
 10.2483  
 10.0567  
 7.31156  
 7.19384  
 9.08739  
 11.1027  
 9.18232  
 8.60719  
 9.04927  
 9.58553  
 9.94808  
 10.2399  
 9.99878  
 10.2939  
