  2013      1      3      6     30      12.94391
  2013      1      3      7      0      13.15650
  2013      1      3      7     30      13.05430
  2013      1      3      8      0      12.66317
  2013      1      3      8     30      13.09743
  2013      1      3      9      0      13.10264
  2013      1      3      9     30      12.82044
  2013      1      3     10      0      12.03479
  2013      1      3     10     30      12.43228
  2013      1      3     11      0      12.51157
  2013      1      3     11     30      11.40247
  2013      1      3     12      0      11.76508
  2013      1      3     12     30      11.38053
  2013      1      3     13      0      11.25387
  2013      1      3     13     30      10.73947
  2013      1      3     14      0      10.92151
  2013      1      3     14     30      10.67717
  2013      1      3     15      0      10.94124
  2013      1      3     15     30      10.15913
  2013      1      3     16      0      10.33012
  2013      1      3     16     30      10.37590
  2013      1      3     17      0      10.13548
  2013      1      3     17     30      10.11736
